ON:
rawbuf: [1, 118c, 8a6, 153, 322, 151, 102, 153, 102, 151, 323, 153, 102, 151,
102, 153, 103, 151, 102, 151, 104, 151, 322, 153, 102, 151, 322, 153, 103, 150,
102, 151, 104, 151, 105, 151, 102, 151, 103, 151, 104, 151, 103, 150, 105, 151,
322, 151, 104, 151, 323, 153, 102, 151, 103, 151, 104, 151, 102, 151, 325, 151,
104, 151, 322, 151, 104, 151, 104, 14f, 324, 151, 105, 151]
rawbuf: [1, 151, 104, 153, 322, 153, 103, 15e, f5, 151, 104, 151, 103, 151, 322,
153, 322, 153, 103, 151, 102, 151, 105, 151, 103, 151, 104, 151, 322, 151, 105,
151, 102, 151, 104, 151, 102, 151, 102, 151, 104, 151, 102, 151, 102, 151, 104,
151, 102, 151, 105, 151, 102, 15e, f6, 151, 105, 15e, 315, 153, 322, 153, 102,
151, 322, 153]

OFF:
rawbuf: [1, 118c, 8a6, 153, 322, 153, 102, 151, 105, 151, 102, 151, 105, 151,
102, 151, 105, 151, 105, 151, 102, 151, 324, 153, 102, 151, 322, 153, 105, 151,
102, 15e, f8, 151, 102, 15e, f8, 151, 103, 151, 105, 151, 103, 150, 105, 150,
322, 153, 102, 151, 324, 151, 105, 151, 103, 151, 104, 151, 102, 151, 324, 151,
105, 151, 322, 154, 102, 15e, f8, 151, 322, 153, 102, 151]
rawbuf: [1, 15e, f7, 151, 324, 151, 105, 151, 102, 15e, f8, 151, 102, 15e, 318,
15e, 317, 15e, f5, 153, 102, 15e, f5, 153, 102, 151, 104, 151, 322, 151, 104,
15e, f7, 151, 103, 15e, f7, 151, 102, 15e, f5, 151, 104, 15e, f8, 151, 102, 15e,
f5, 151, 105, 15e, f5, 15e, f8, 151, 102, 151, 322, 153, 322, 160, f5, 15e, f6,
151]
